1.00246271511 0.674395877383 0.674395877383 2.90605140996 0.910162966821 0.582089485955 0.635486163193 0.635486163193 0.635486163193 
2.99743014364 2.31755111062 0.533500893556 1.0973390019 0.648996789292 1.09330587668 0.830950154529 0.528399609461 1.67113731896 
0.0 0.0 0.0 0.0 0.0 0.0 0.0 0.0 0.0 
0.0 0.0 0.0379921249501 0.0452753022453 0.0258460055749 0.0258460055749 0.0258460055749 0.0154396142806 0.0154396142806 
0.50013760538 0.473248183418 0.196574213807 0.398844063654 0.308275502179 0.386375938464 0.263717238149 0.187992649366 0.253977819425 
0.0493501814611 0.0109471109382 0.0109471109382 0.970679009489 0.437081954742 0.0452799211491 0.366569277359 0.366569277359 0.366569277359 
0.0551321353413 0.0114353734208 0.0114353734208 2.82768421762 1.92956893776 0.0543070781828 1.8864369884 1.8864369884 1.8864369884 
0.0 0.0 0.0 0.0 0.0 0.0 0.0 0.0 0.0 
0.0 0.0 0.0 0.0 0.0 0.0 0.0 0.0 0.0 
0.0 0.0 0.0 0.0 0.0 0.0 0.0 0.0 0.0 
3.2241555846 2.19378837805 0.726267542834 2.09275720986 2.4856607799 1.7039972374 0.952471614134 1.19686793745 0.738173882436 
0.0 0.0 2.35767509837 1.32703842564 2.46513503188 2.46513503188 2.46513503188 2.20700570917 2.20700570917 
0.00539118955219 0.00390701970745 0.00364175895097 0.00532189562812 0.00483439466355 0.00531374728565 0.00401287591002 0.00319202302314 0.00304630944291 
0.0 0.0 0.0394213730313 0.049009270073 0.0264668524176 0.0264668524176 0.0264668524176 0.0156809600808 0.0156809600808 
0.972896790879 1.04690095847 0.86362969979 1.51610482559 1.34633476174 1.5108075787 1.37428047182 1.19715831086 0.736185068497 
1.61381454406 2.19487898689 1.31233991959 2.83485113717 2.46007448899 2.98335870261 2.4327498405 2.17298932753 2.0062200751 
