0.537904216409 0.579561680707 0.0 0.183231912339 0.531545390104 0.913316786417 0.631967220414 0.0 0.0 
0.179897076965 0.168649574271 0.682969968338 0.485247818845 0.745447338475 0.486261082154 0.483309885648 0.60444172817 0.182354067976 
0.0 0.0 9.5905424837 11.7609674767 18.7182861915 0.0 0.0 20.6861886122 0.0 
1.07816112095 0.825896478534 1.8535752036 1.33506150831 1.56935249748 1.37594515029 1.52286754929 1.69893224115 1.19986339338 
10.9265843667 35.7038501175 0.0 0.548565851325 1.10687005951 11.7410120254 1.09558124199 0.0 0.0 
9.78066454183 34.1793830229 0.0 0.188310050282 0.250725910741 9.78937030879 0.212891512749 0.0 0.0 
0.167246557153 0.178163952398 0.50169540409 0.254440101649 0.194633528907 0.311991174076 0.421646606791 0.266852142257 0.412827784225 
0.0 0.0 0.154544232423 0.401255417262 0.196254129287 0.0 0.0 0.144714973676 0.0 
100.020397359 100.03891391 100.051951072 100.054829033 100.073114201 100.048434775 100.079452535 100.057791185 100.035368688 
0.0 0.0 9.24283099146 10.8649109936 18.2792015319 0.0 0.0 20.3678072938 0.0 
0.554250899276 0.373343824931 0.421899673516 0.351216715504 0.359340739765 0.351886041752 0.292230321539 0.266787416677 0.413943044079 
0.334133140164 0.178075424883 0.27764535921 0.18783397485 0.196657837567 0.178199188135 0.165083321548 0.14698036896 0.151896938946 
0.0 0.0 0.138716262132 0.311397766356 0.123154094355 0.0 0.0 0.0992052764902 0.0 
0.25216831388 0.530098096873 0.0 0.0913683969448 0.137174306183 0.447633724174 0.0946205778979 0.0 0.0 
9.54637922903 33.9514712667 9.25652626872 11.0850101874 18.4870593906 9.4995225291 0.138775890079 20.3811826445 0.0 
0.330115571626 0.324271625897 0.0 0.0956594235069 0.364242911733 0.546543843287 0.086567966482 0.0 0.0 
