4967	4880	5031	4684	4860	5221	0	0	0	0	4749	5005	4646	5240	4738
5391	4937	4584	4775	5065	4913	4639	6879	5064	4563	5344	5735	6693	4754	4853
4722	4708	4773	4474	4635	4824	4617	4980	4770	4517	6639	4812	4705	4879	4751
10349	9886	9195	10198	11891	15680	6925	8668	8439	14707	13072	9874	11276	9918	11329
9351	9122	10205	9163	9287	12175	25129	9676	10235	9710	10735	9424	11657	11640	10467
10251	13117	11300	10133	10769	9687	9852	12704	10174	9524	9736	10615	9277	9533	9203
10024	10334	9466	9356	9640	7307	6283	6211	6735	6271	9588	9044	12626	11318	12096
9745	9247	13248	9458	9676	13549	11814	9398	9017	11603	11671	9503	9462	9401	14440
11410	9258	9677	9086	9342	9350	9232	9711	10204	8948	8934	9295	9087	11765	11341
9299	9610	9299	9014	9416	6797	6579	6328	7047	6673	9016	9460	9401	10770	9488
9759	11313	9163	9810	10278	9306	9431	10977	10016	11373	9480	10308	11183	9264	9363
9417	9232	9366	9364	8887	12211	8937	9348	9149	9172	11362	9309	9036	9893	9134
34980	37001	36588	35406	38192	42356	47745	41442	34990	39560	38147	34682	37573	35781	35702
35548	33289	39408	33038	33245	35220	33796	29726	30558	33654	35017	32318	35573	37223	42423
33337	34573	32292	32997	33077	32992	29305	31776	30737	31725	34757	34366	34234	34616	35030
108516	109491	112421	105579	118426	114379	114378	108515	99714	108413	112105	104602	110469	112421	117311
